1473
442
1898
-455
-1610
-1973
424
-1448
1214
-434
-1420
1363
23
531
542
-1175
-1603
-1016
-1202
-1078
243
237
-761
743
536
-795
436
-915
1987
46
-219
-983
947
790
-62
-1737
-657
532
321
613
243
-170
-1821
-197
929
751
-1670
-872
377
-290
890
87
240
2038
817
-1286
1939
289
-698
-1389
1421
466
1492
-453
-1446
-722
-1457
1310
192
-1324
549
103
-918
-337
1714
-1242
-249
-1831
-429
1913
1906
704
771
-987
-1818
-1297
-1868
-1632
1110
-940
857
-1517
-1424
-1388
-1738
-1235
-2042
-1968
-1757
-724
-1162
-1872
-1666
-447
-763
-1691
-116
1386
101
-452
-1098
-993
432
907
695
441
-1052
-1889
-2038
43
804
-195
-1653
1223
-1786
-1614
-1836
-856
-813
-958
-1490
-100
1608
887
-640
268
1226
-942
335
-1586
-1734
1932
-999
-1491
-830
-688
1031
-142
693
567
-1661
1000
-84
-1225
1124
-838
-1019
-1742
108
1201
1059
445
190
-195
1140
1567
-270
-1369
-1168
1449
1441
1267
1998
1221
734
614
1335
-565
-1406
234
1374
-817
-835
-99
-3
937
256
-617
-73
-165
368
-210
-477
1007
-250
1251
-732
60
680
-1247
1988
1649
-1178
1526
207
733
1503
-2002
307
1523
1361
146
1172
726
546
1288
-493
-107
-403
-454
-1153
56
-901
853
-1730
499
-115
244
1271
1922
-1270
582
-1714
1022
55
-42
-1864
-687
1757
757
-1577
-1165
-1849
-1757
840
1451
1137
-407
333
-1271
1846
552
-1196
-230
-1324
1343
-1109
91
-319
-804
1931
-1712
386
293
423
-1669
-1541
-1283
-679
-99
-757
-40
1222
-1505
1989
1814
29
-249
562
-15
2036
-1882
-1294
-1257
-1721
10
2035
1884
-792
-1365
1131
-881
242
-996
25
-1153
-477
-1695
71
1727
-161
1730
-377
765
-582
1412
-672
-1469
-271
646
1851
-1707
183
799
1957
-1445
1785
-1693
-1271
-1030
-201
1236
-713
15
1840
263
-1316
-1711
299
-257
1535
-1309
-1076
712
-1566
-1740
-28
-1431
1590
1846
595
-212
1590
1851
1064
-316
865
637
1836
1329
98
1721
-1756
-826
1062
1260
965
1366
-1688
-1963
-1058
-8
700
-1778
1396
-1994
-104
-1700
-126
55
-1514
-1827
1297
217
536
1233
-442
-1301
1455
-1871
1843
724
778
-477
-257
-1064
-985
1979
-728
1006
104
-642
1909
-576
-934
-424
-371
399
-1127
1522
857
-1382
1374
474
938
469
1956
-714
2028
895
281
1611
-1928
-1946
1587
-755
-926
-1959
-1672
1441
63
1748
-1249
1658
-292
1820
108
1217
532
229
-322
-361
-456
-1307
666
-467
1493
-948
1775
-765
108
645
-856
-1444
-1544
1087
-316
1070
-599
1800
-1216
-565
-1548
-1864
1232
-1224
-2021
-1620
-561
1208
-659
327
-1964
374
-1939
418
1000
1169
-2046
-1082
-804
975
1775
399
-673
-1269
459
-377
-824
-1123
-1669
-864
1278
747
152
1629
602
-171
-540
852
-489
1681
-1594
-1977
-110
-794
-1710
18
-881
-2021
1231
-335
-871
1454
1040
-1212
-58
1847
1699
-1380
1282
1086
-1468
-192
-2021
-821
-637
60
-1115
946
-1771
985
-231
1039
1447
1907
-735
201
195
-1627
-1430
-1635
-352
2015
-1753
-851
842
-806
353
2025
-1722
-1882
-1434
-1695
1971
-2043
-688
-1613
1653
-1051
1315
2026
-1493
-435
-918
-1570
-393
-531
1172
40
173
1399
-133
-1733
-1790
7
-301
-1456
-893
1946
-1481
465
-501
1802
1929
543
74
1144
-450
-5
1840
1418
-1696
-1069
718
-1389
-1828
-1774
-1558
-1592
-519
673
1656
-24
-1184
2016
573
1853
-836
-1767
-638
618
1601
1738
1636
1018
-1982
762
707
-2018
-285
-119
-1302
393
618
246
-176
1759
2044
-1875
-117
-1630
-196
1518
1179
-1032
1236
-1844
-810
1659
-435
-507
889
-1225
-246
1884
-1438
-286
770
-183
1959
-542
1818
840
1478
-550
873
-988
32
-1724
1953
1818
577
-485
1473
-155
-1007
1250
824
760
-1794
287
1215
-1523
1156
-1918
1290
1081
540
-1551
636
-1348
-1337
-1620
-989
690
-401
920
526
1754
861
277
-1702
-1098
-1589
-1193
-34
-655
1493
-102
-2043
697
-476
1637
159
-1120
-1759
-1309
-1723
-67
-176
-1124
-250
-1313
1200
-1582
-1518
841
1910
-1910
25
222
-437
-1908
-1042
-1986
-970
-1416
1614
-1760
-904
-964
-1968
-1242
1130
753
-1211
43
1457
-380
1711
-147
1734
23
-2009
-1893
1092
-1891
-671
-1507
-1806
140
1240
423
1741
1568
1259
-1443
1898
-1240
1477
1937
1407
1944
1617
1949
-463
583
81
1431
1030
-863
-1073
-643
-1559
-1312
-492
431
-2011
-566
-920
-702
-1567
-215
1708
-1555
-772
-462
-1502
-723
-1361
1295
-1952
-1139
-1270
-835
-1306
-684
387
78
1855
-1079
-813
-760
1046
-1464
43
-2000
-1226
-1473
-1991
9
220
1373
-1596
-1784
1153
1304
1156
1121
-1257
-1361
18
-1695
-216
1765
1324
1626
-259
-835
428
-1326
-811
1559
301
1944
386
-554
166
-379
-611
-452
-209
1659
341
-225
-1523
1393
-172
-1316
-436
-722
-1389
-688
1541
1093
-1125
-1002
910
98
1324
796
-1875
762
-864
-800
1048
1483
1546
-1702
-1152
33
142
761
1022
-1478
-1338
-834
1957
-39
938
149
465
-157
-2017
358
-1841
-394
-1757
-87
1751
-1679
809
-1020
180
-290
-1402
-271
1021
1060
-729
-1872
884
-884
1531
-1879
871
1987
-1538
1915
1139
-1715
802
-1301
1729
1438
-1664
1717
-1020
-347
1685
-1587
-1476
1106
-1211
712
-586
-1302
-972
791
1065
957
1351
988
1886
518
4
-1076
-1683
155
1326
298
202
-1536
-540
-205
-400
-38
1080
490
1046
-1269
-63
1986
-786
-1645
1515
1039
1742
-1164
683
-1631
1615
-1084
-1688
152
-1109
-224
-1415
1735
-1321
-853
1386
1439
1272
712
-990
1282
-686
1235
1809
-482
-44
-1308
1749
-655
-1106
-1821
-1230
-183
-33
-459
955
-566
1038
-1290
-1419
955
984
1056
1107
859
-328
-1071
31
-956
-1337
-349
1954
1965
1158
937
906
-433
469
2026
-514
1738
-1471
-1363
-957
-2005
753
-1081
895
1872
-1943
-1755
-1820
720
-1017
1178
-1722
-992
