1744
1712
1866
-1759
2011
-216
-1974
-1368
-482
-203
-722
654
1268
478
-519
-1058
65
1017
455
1507
-1876
950
439
-1180
2011
469
-836
945
-590
-950
843
1000
804
1625
-537
495
-997
-476
-693
1894
1227
-1182
-154
-417
1006
-121
-41
-579
1624
-1281
1800
1881
1346
1937
1736
1456
1005
996
-193
793
-583
2021
848
120
-1660
1601
-169
-668
868
-1361
250
-108
-1652
257
-1191
939
1341
-738
-464
-719
1291
1915
810
1962
-1821
-412
32
1775
-723
1960
-1728
93
-553
-1279
-1502
803
1567
-1875
-1887
369
-451
-868
115
-1928
923
-1572
629
306
1261
1595
-377
1
1701
-1476
-1280
1230
273
1273
-1887
-1568
1247
93
-528
-1240
-237
-742
245
-995
317
-1347
581
-525
-232
-1127
-1982
1063
-462
123
1421
362
224
1070
431
681
315
-1372
1689
-1444
-744
957
603
-1584
-2
-574
1951
669
1035
-215
1053
1535
-346
-1021
-49
1046
-1557
1699
991
-1776
2015
1972
1109
524
-1964
1399
848
-49
1579
-442
214
-1792
-653
1577
1563
-1507
1697
921
1860
-790
125
794
632
-676
-724
1519
-187
-526
926
-1128
-703
-1696
557
545
-798
-1139
-1189
1359
-1692
1984
416
87
1737
-499
860
592
727
-590
916
306
1012
-340
-1861
852
-777
-2006
1580
863
-1871
1519
411
-355
-955
-1381
260
-1633
-1242
-1892
-1431
804
942
-2042
-1523
-1737
1872
-1293
71
88
-709
-376
966
-1825
-1433
644
301
-1488
1560
-687
-750
-2032
-611
-415
-1725
439
1596
-753
-1476
1741
-1924
-597
1477
-1510
-1199
711
-87
1504
648
-838
1375
510
-226
1315
1490
1903
-910
150
-543
-1672
372
-984
-310
-2012
-1895
-1811
-150
-959
-654
857
1295
-1889
-1251
102
-744
-1911
562
1636
-1026
-126
-1712
908
780
-1512
1807
27
-1665
-1078
145
1531
497
497
816
1008
336
-92
-846
-484
2019
611
148
-1559
-1617
-1093
1443
-194
-293
1918
662
1257
345
737
-829
-1482
-1938
1032
2000
-1135
-203
-439
355
-943
-226
-1317
-124
-1184
810
-1532
1273
1236
1280
-857
-1453
-399
165
536
1680
-1831
2020
580
-371
-1139
-1447
2038
-569
-620
729
-1195
2001
-1870
1933
-1959
-730
299
1333
-1697
-1480
-2030
-1303
-1640
1027
-1571
1797
-158
193
1913
628
-1417
1984
922
745
-556
-138
-1485
-1701
-1702
-898
1067
-663
779
182
1337
719
-1050
1333
-604
427
-2010
1572
1553
1692
-231
867
1872
-1100
578
1262
-1061
1794
2000
-521
1324
2034
90
1414
-1296
-2032
-1082
1996
1439
100
-677
-303
760
97
-1308
-614
-564
-252
-311
1212
-162
-1168
297
815
-970
-573
1998
601
-1487
1311
-1804
-1964
-1550
-1050
-1853
1861
-1657
1769
1439
-801
556
213
766
167
-187
-422
-308
-910
-1994
1119
-1700
1403
859
1287
977
-1662
995
1126
1250
-401
108
517
-27
-38
-888
-2
1570
267
-1307
-848
1650
1686
-1488
-4
-1327
1651
-1402
-1800
28
-1659
1391
1276
-28
1394
-412
1308
-2
494
-615
719
-2001
-2032
845
215
-1669
1777
-690
340
-172
1150
1189
1509
-401
-732
1437
-1325
311
414
-83
-1500
-546
-584
1928
-82
-546
-315
310
749
-1280
-744
1002
1953
436
1804
1501
546
1224
-1818
-1568
-1954
-1448
-2018
1175
1124
1509
1390
-1132
-1651
-73
1092
-1089
-1809
1302
660
395
-414
-1603
-2011
-1911
-1339
-497
20
1104
-894
-1451
-1104
247
863
-1357
-1700
1172
-1950
1003
1712
-1997
-312
1236
169
-1596
-231
1123
178
1352
-1769
-1957
454
-256
1440
-920
1110
1140
-655
-567
1031
1695
1414
-1218
-469
-1344
-401
1366
989
-1014
-249
1797
-292
1048
-9
-1441
-1086
-1024
-1888
-1682
-1816
1003
-1407
1851
1176
-1173
1037
-1858
436
12
-48
433
1425
1160
199
1398
-473
-470
-1765
1951
-1186
654
971
1102
649
-1117
1697
1091
-280
952
-768
-877
-493
2000
-1858
1497
889
-1582
484
784
-1623
-1846
-1463
-1100
1107
282
1488
-1694
571
633
1174
1212
-1624
1464
1929
-1628
1664
-1969
1221
1653
-751
-128
-937
1708
23
306
-1403
1108
1401
-970
122
-1875
42
1553
-1973
-99
626
66
1324
-469
1911
702
-764
1953
-276
1495
1012
-1640
467
331
-217
645
879
638
-135
809
-755
2004
313
1619
-53
-1257
-1601
1867
840
190
1997
-1373
1043
-435
2010
-1697
215
1366
-1815
-1397
316
-643
-1256
755
-664
761
-813
-214
-1792
-1024
1907
1932
180
655
-1940
-1401
1340
-782
-70
1192
-1373
-1388
-1829
-1313
-288
1887
-294
1624
1736
877
-1865
-396
-1006
-1807
1749
-1986
883
1632
1696
-64
-524
-278
-748
-1295
1032
-316
1357
539
1479
-574
-1008
1515
1764
1470
-776
1744
-1664
-251
666
-559
1708
124
1607
676
-68
-579
-1931
1826
-254
-1858
1716
-1075
-1205
-1724
85
-639
-845
2014
1602
-1968
-509
1662
-132
1843
341
-923
1725
1248
-1250
1947
654
-690
597
456
1124
-981
244
554
-2040
20
-1171
752
2041
1652
572
-1106
2039
3
-882
-284
596
-1571
1699
1184
341
792
-1208
-2033
-1710
729
-1304
-1555
1183
-336
-120
1511
-452
-683
-1960
1214
1028
-589
990
273
1445
1547
-1076
234
240
-1195
294
473
-1863
-885
1030
411
-243
-1496
-609
-1734
2007
-657
-116
-878
1197
-84
1912
-962
1761
-709
476
957
185
-942
729
-1564
-1351
-1146
-1994
1368
-528
2016
827
858
71
1696
1447
-1439
-1108
-1442
-1965
-307
1287
1970
-324
-1141
1047
-1713
1616
-904
-1824
-199
-925
1190
1995
383
427
1616
375
-1542
-390
-394
1754
1329
1597
527
1804
1648
1443
1758
-171
1716
492
-607
670
679
-856
-78
-1740
1908
-1366
-490
1435
-1421
-1752
-1093
1980
893
2037
-1794
760
-471
-1059
600
-1957
353
1999
43
440
-1583
-1987
390
1733
-356
1798
2038
227
1197
-1146
1600
-306
90
1291
-29
1262
334
-1204
881
870
197
-1232
1454
1687
1528
866
-196
837
161
-185
-1293
-1241
1431
-1200
-319
726
1393
-1583
1284
